3 4 1134193912 1136531310
4 1 1051498013 1187121217 248369811
4 1 1096949105 1913243873 867276417
4 1 1345602203 1887360378 377038085
4 1 1250649958 1800998431 531559042
4 1 1632562026 1119203168 1355512725
2 3 1096949105
2 3 1134193912
4 1 1883938366 1983335015 456592914
2 3 1345602203
2 3 1051498013
3 4 1134193912 1797443123
10 5 1051498013 1096949105 1134193912 1345602203 1622129836 1883938366 0 167877825 1174481209
9 5 1051498013 1134193912 1311623788 1632562026 1883938366 0 24396843 361987807
11 5 1051498013 1134193912 1250649958 1345602203 1632562026 1743483447 1883938366 0 1715377545 1864311574
4 1 1567706178 1023699767 1271909436
2 3 1345602203
3 2 1883938366 1983335015
2 3 1250649958
7 5 1134193912 1567706178 1632562026 0 31559902 1310806732
4 1 1014632117 1656316861 1331999395
4 1 1141094056 1391179974 690937038
4 1 1663089409 1092176696 40490533
3 4 1890759244 1328363030
10 5 1014632117 1051498013 1096949105 1134193912 1141094056 1632562026 0 837467698 1355150778
3 4 1345602203 1887360378
2 3 1141094056
3 4 1250649958 1800998431
4 1 1217540721 1287700980 1183478627
12 5 1014632117 1096949105 1134193912 1141094056 1250649958 1357588092 1632562026 1890759244 0 1026731052 1564530709
4 1 1635022274 1923943425 443165888
3 2 1096949105 1913243873
2 3 1698639164
4 1 1962266870 1528298208 587568124
10 5 1141094056 1567706178 1635022274 1848975884 1883938366 1962266870 0 81734170 1110858281
4 1 1443847242 1696604036 918004179
5 5 1443847242 0 52112635 57569172
11 5 1014632117 1051498013 1083869559 1141094056 1443847242 1663089409 1883938366 0 989647545 1787223441
3 4 1635022274 1923943425
3 4 1635022274 1923943425
3 4 1096949105 1839337204
3 2 1250649958 1415509183
3 2 1029977178 1399054973
3 2 1443847242 1696604036
2 3 1250649958
4 1 1343976907 1096850237 1931792995
10 5 1014632117 1141094056 1345602203 1635022274 1663089409 1890759244 0 330601775 385026985
4 1 1538066817 1144358769 975644096
2 3 1029977178
3 4 1250649958 1800998431
4 1 1144057118 1539448578 1572700699
4 1 1924475562 1903302473 1543768085
11 5 1141094056 1217540721 1299560303 1345602203 1567706178 1824157050 1883938366 0 101410947 101567639
3 2 1217540721 1287700980
3 4 1144057118 1539448578
2 3 1663089409
4 1 1581411543 1597836232 404980199
13 5 1014632117 1096949105 1134193912 1250649958 1443847242 1567706178 1890759244 1924475562 1962266870 0 1354214477 1400689232
4 1 1601129815 1105262851 1128945824
2 3 1250649958
4 1 1855191823 1787131605 1529298554
4 1 1894472193 1340800661 1907449685
4 1 1123943466 1795267747 1637976300
4 1 1997996993 1246155263 587673612
3 2 1962266870 1528298208
5 5 1601129815 0 257594025 654682347
3 2 1217540721 1772982221
4 1 1170752456 1560113826 24976779
7 5 1601129815 1883938366 1890759244 0 90079710 218293792
13 5 1217540721 1250649958 1308291603 1343976907 1581411543 1635022274 1663089409 1883938366 1962973949 0 564186511 1218043079
8 5 1217540721 1345602203 1538066817 1601129815 0 351546833 777354836
3 4 1601129815 1105262851
4 1 1970786750 1088009555 1034975172
3 2 1890759244 1129430303
4 1 1130267825 1168921329 542292936
3 2 1894472193 1340800661
12 5 1051498013 1096949105 1123943466 1141094056 1250649958 1345602203 1855191823 1970786750 0 962518852 1946959359
4 1 1925830858 1025820068 99484613
9 5 1014632117 1538066817 1567706178 1894472193 1925830858 0 41028353 1433815622
9 5 1343976907 1345602203 1581411543 1890759244 1925830858 0 362360458 601697210
3 2 1567706178 1023699767
3 4 1123943466 1795267747
4 1 1928245671 1932266978 749050666
3 2 1663089409 1092176696
4 1 1310569162 1513086186 1486449265
11 5 1134193912 1217540721 1310569162 1345602203 1567706178 1635022274 1894472193 0 940057454 1235729930
3 4 1635022274 1923943425
12 5 1170752456 1343976907 1538066817 1601129815 1890759244 1925830858 1942928126 1962266870 0 1116151217 1907913929
4 1 1311039480 1673699503 79784367
10 5 1029977178 1197365402 1311039480 1493042539 1855191823 1970786750 0 56736559 1821175763
2 3 1924475562
4 1 1608125617 1581752567 1485779548
13 5 1134193912 1250649958 1310569162 1343976907 1443847242 1883938366 1890759244 1924475562 1962266870 0 42695090 1297450029
3 2 1170752456 1560113826
4 1 1874547772 1924241679 799636450
3 2 1170752456 1010924700
4 1 1817327346 1185447134 1893251097
4 1 1033661682 1331442688 1814522617
3 4 1029977178 1451115347
3 2 1134193912 1260785840
3 2 1632562026 1119203168
4 1 1051530757 1959799024 1317100888
4 1 1759435473 1030575559 132626398
3 4 1217540721 1271610711
4 1 1384010535 1973186775 965641782
3 2 1970786750 1088009555
10 5 1014632117 1029977178 1250649958 1635022274 1890759244 1924475562 0 1262754482 1389635884
2 3 1141094056
4 1 1688179087 1572630466 1919416814
3 2 1014632117 1656316861
3 4 1632562026 1425800076
4 1 1476439542 1667952311 414707049
4 1 1444479379 1012864884 1432312607
2 3 1343976907
9 5 1601129815 1688179087 1855191823 1860709893 1890759244 0 438643026 1948469526
2 3 1883938366
2 3 1924475562
6 5 1029977178 1141094056 0 46890367 1412703969
6 5 1443847242 1890759244 0 12879367 1677852827
3 2 1799569409 1546757475
3 4 1799569409 1498576527
14 5 1014632117 1029977178 1134193912 1141094056 1144057118 1311039480 1343976907 1890759244 1925830858 1970786750 0 626509822 1648076836
6 5 1134193912 1444479379 0 1096025673 1318680181
4 1 1073628373 1322118122 602162001
2 3 1635022274
4 1 1371265912 1572435718 1485160200
4 1 1299624957 1130787831 1433286733
4 1 1789294830 1208493339 1019747072
3 2 1250649958 1765039909
7 5 1433167828 1538066817 1688179087 0 195481614 1861065582
12 5 1014632117 1371265912 1444479379 1476439542 1789294830 1883938366 1894472193 1924475562 0 435432672 559294205
4 1 1992875793 1436584889 1789610010
2 3 1443847242
6 5 1144057118 1581411543 0 1189245824 1998257580
3 4 1033661682 1331442688
4 1 1485376542 1562744845 565026649
4 1 1276062876 1688110089 946938117
4 1 1013007793 1669941072 753860448
4 1 1106525961 1395986808 930955754
2 3 1014632117
4 1 1905893649 1876279571 442305033
6 5 1310569162 1928245671 0 695876063 784617168
4 1 1076556663 1347073688 336899937
4 1 1623136564 1025010025 12469851
4 1 1038017818 1534927274 1536729064
12 5 1096949105 1123943466 1217540721 1444479379 1601129815 1688179087 1855191823 1894472193 0 1827373511 1932715873
4 1 1619612974 1673973142 690296984
4 1 1551499520 1555283185 878134507
3 4 1997996993 1246155263
4 1 1018341310 1339510024 892964088
4 1 1925232867 1491726030 480984456
2 3 1538066817
2 3 1485376542
4 1 1258115483 1667306021 1078244318
4 1 1286918995 1604733812 1573177717
7 5 1134193912 1360400462 1699910486 0 112835745 128460902
4 1 1340324701 1477659706 1817517930
2 3 1286918995
2 3 1632562026
2 3 1799569409
8 5 1013007793 1123943466 1144057118 1928245671 0 126332181 1929373554
2 3 1567706178
4 1 1087384894 1222051217 1268262265
8 5 1106525961 1258115483 1286918995 1970786750 0 938296546 1101535104
2 3 1476439542
2 3 1601129815
10 5 1076556663 1134193912 1299624957 1551499520 1608125617 1757481856 0 1358907656 1374911583
3 2 1073628373 1322118122
4 1 1853519874 1888883517 101016908
3 2 1992875793 1436584889
5 5 1928245671 0 507855794 1347573233
4 1 1920973383 1205977107 71950780
3 4 1217540721 1805157293
3 4 1874547772 1924241679
4 1 1035902292 1304565673 1656051170
2 3 1170752456
10 5 1013007793 1217540721 1443847242 1567706178 1663089409 1799569409 0 792011241 1886155508
4 1 1916925846 1870760869 672832441
4 1 1285916370 1055898736 1680974580
2 3 1874547772
3 4 1029977178 1111138933
2 3 1485376542
4 1 1290141655 1828105625 1715191984
3 2 1340324701 1477659706
4 1 1572491101 1688342699 692608249
3 4 1073628373 1187820911
4 1 1701801840 1096235999 1666571581
4 1 1040553379 1504628185 48859683
2 3 1817327346
9 5 1106525961 1276062876 1608125617 1799569409 1818214413 0 768181494 1250506079
3 4 1144057118 1539448578
4 1 1818642632 1489061131 856736322
2 3 1635022274
2 3 1132355163
3 2 1920973383 1205977107
2 3 1581411543
4 1 1309615661 1284677616 117500612
10 5 1014632117 1170752456 1309615661 1311039480 1619612974 1920973383 0 11767103 18918057
4 1 1079647953 1425060999 1559691273
4 1 1178114008 1522266471 429115731
4 1 1303056084 1301301402 1291547309
4 1 1585979018 1409047919 783150833
6 5 1619612974 1663089409 0 654585241 1182820918
5 5 1619612974 0 454368998 1475160264
3 4 1035902292 1304565673
4 1 1076073811 1632673040 1308860736
4 1 1935729124 1610162137 747591608
13 5 1040553379 1051498013 1079647953 1310569162 1585979018 1608125617 1691169645 1916925846 1970786750 0 9155880 36584406
3 4 1286918995 1604733812
4 1 1011559261 1762053296 1435374574
2 3 1585979018
2 3 1096949105
4 1 1120817191 1349675061 1304159219
14 5 1073628373 1156515930 1258115483 1343976907 1485376542 1619612974 1623136564 1759435473 1810573898 1916925846 0 501759312 1405999396
4 1 1613162045 1854932672 28410289
4 1 1939036424 1014410058 1175837012
4 1 1816927503 1534253378 144212718
3 4 1585979018 1409047919
2 3 1310569162
3 4 1080878036 1704585814
2 3 1935729124
11 5 1011559261 1051498013 1130267825 1134193912 1144057118 1178114008 1299624957 0 355738756 1266603996
8 5 1018341310 1029977178 1035902292 1538066817 0 217619406 1108222670
4 1 1769864292 1939763503 1817342338
2 3 1962266870
3 2 1178114008 1522266471
3 4 1701801840 1096235999
4 1 1230084965 1413181845 574604991
3 2 1928245671 1932266978
2 3 1572491101
4 1 1917743406 1699023994 1804828552
2 3 1682242030
2 3 1033661682
2 3 1924475562
3 4 1601129815 1105262851
4 1 1939881883 1363816576 1287006197
4 1 1737737442 1707711259 1417119632
4 1 1502331105 1109360050 868575271
2 3 1688179087
3 2 1476439542 1667952311
4 1 1122804610 1728638780 1371588239
2 3 1538066817
3 4 1124423127 1042142670
2 3 1290141655
4 1 1078493498 1889376477 421752913
3 2 1962266870 1519874739
4 1 1115765476 1939990356 828675917
4 1 1728988657 1658780485 1534842704
3 2 1384010535 1973186775
4 1 1017221462 1541771096 973707896
4 1 1518710575 1868366918 753884578
11 5 1076073811 1309615661 1444479379 1563900086 1679665562 1883938366 1992875793 0 642992833 1906001508
3 4 1443847242 1384913782
3 4 1480421412 1777755828
6 5 1258115483 1276062876 0 982053437 1489738811
4 1 1515160007 1589511058 1946223689
2 3 1285916370
4 1 1359283434 1593592545 1399395034
9 5 1013007793 1134193912 1359283434 1818642632 1925232867 0 430213006 896170138
4 1 1940339554 1395082868 125232182
2 3 1874547772
4 1 1010204899 1203512517 972371578
3 2 1106525961 1395986808
4 1 1180446960 1072620558 1509690829
4 1 1711535611 1123135123 278303106
4 1 1143108318 1157084275 156954853
8 5 1608125617 1666855055 1737737442 1855191823 0 706697521 1080821529
7 5 1035902292 1108469824 1258115483 0 128297713 301101217
4 1 1399964211 1930201041 366556314
4 1 1087285316 1523511165 1483909872
3 2 1073628373 1963398362
4 1 1623301460 1143491675 1706979655
4 1 1258095656 1092175134 1606015406
13 5 1017221462 1073628373 1120817191 1123943466 1141094056 1285916370 1551499520 1663089409 1688179087 0 1586829470 1646172432
3 2 1874547772 1924241679
4 1 1158388570 1770188485 260360415
2 3 1874547772
3 2 1120817191 1349675061
4 1 1105599037 1786591096 424818344
3 4 1581411543 1597836232
4 1 1503514992 1264137584 1537892860
4 1 1020938824 1656410203 1605550145
4 1 1334423554 1259895153 1079620310
2 3 1476439542
4 1 1219961804 1437745014 1448683591
4 1 1705720624 1072079285 1858462068
3 2 1124423127 1712055392
2 3 1924475562
4 1 1344788114 1601998985 736111973
4 1 1197397175 1757050796 1391607530
4 1 1530798887 1578547435 62842474
3 2 1344788114 1601998985
3 4 1359283434 1593592545
4 1 1761417744 1558349998 1661759855
4 1 1122921742 1810483183 638121680
4 1 1282457571 1982909794 1823404722
4 1 1718107120 1020801896 628136693
4 1 1676265568 1158935579 540778438
3 4 1303056084 1301301402
12 5 1096949105 1134193912 1162060463 1285916370 1581411543 1613162045 1728988657 1759435473 0 89791049 1856680130
3 2 1217540721 1158255647
3 2 1258115483 1667306021
13 5 1018341310 1158388570 1230084965 1262436957 1285916370 1290141655 1299624957 1480421412 1485376542 0 9726377 1591120054
4 1 1241729263 1420692604 45214768
5 5 1258115483 0 323318087 326067909
9 5 1096949105 1443847242 1623301460 1761417744 1789294830 0 1799111382 1981844791
2 3 1551499520
4 1 1437436405 1091067759 1995713383
2 3 1818642632
4 1 1164633316 1592060482 1970363069
3 2 1962266870 1106680373
3 4 1635022274 1923943425
4 1 1068517201 1664260997 1503626622
6 5 1124423127 1286918995 0 516264952 1415509181
3 4 1567706178 1738590396
4 1 1829135389 1355087839 1008266953
4 1 1177967260 1133102535 487993373
3 4 1068517201 1664260997
4 1 1936743341 1136574100 21584249
4 1 1492717073 1440656707 1465269262
3 4 1635022274 1923943425
6 5 1096949105 1799569409 0 1704254120 1870490712
3 4 1502331105 1109360050
4 1 1800309448 1354030062 625931968
4 1 1307097109 1415191660 589780075
4 1 1868712351 1082497147 1621854418
3 2 1051498013 1187121217
9 5 1061134612 1130267825 1299624957 1769864292 1928245671 0 22471797 1278719961
4 1 1267808834 1244147883 1830578463
2 3 1502331105
3 4 1096949105 1230474422
3 2 1925232867 1491726030
2 3 1073628373
3 4 1285916370 1055898736
4 1 1851934135 1116864405 655744072
4 1 1883159529 1273959987 511402367
7 5 1158388570 1829135389 1894472193 0 194497181 1578390660
4 1 1873872243 1784284640 1567426033
4 1 1450548926 1058544980 1201379513
11 5 1038017818 1073628373 1076556663 1282457571 1399964211 1916925846 1920973383 0 384806984 827198997
3 2 1829135389 1355087839
11 5 1018341310 1170752456 1258095656 1502331105 1619612974 1928245671 1967446618 0 953660127 1001749499
3 4 1962266870 1895425440
11 5 1134193912 1345602203 1613162045 1855191823 1873872243 1936743341 1962266870 0 3722892 1630947537
3 2 1120817191 1535431549
4 1 1219097527 1095397258 1336042948
4 1 1137780722 1981752303 1336052859
2 3 1258095656
3 2 1080878036 1998704399
3 2 1608125617 1581752567
2 3 1635022274
4 1 1225438192 1756943328 754779285
3 2 1619612974 1131276644
3 2 1925232867 1738132893
13 5 1035902292 1164633316 1286918995 1290141655 1430947370 1623301460 1676265568 1816927503 1939036424 0 63693846 74185752
14 5 1011559261 1087285316 1087384894 1124423127 1143108318 1267808834 1399964211 1737737442 1761417744 1997661461 0 1375740721 1677825519
3 2 1290141655 1828105625
4 1 1961847562 1757100109 275234907
4 1 1874067817 1543682586 342367246
3 2 1970786750 1363487473
4 1 1504077235 1318006608 1295723910
4 1 1843648684 1670301659 1217421469
4 1 1048469603 1015718985 1578125933
7 5 1705720624 1792916025 1962266870 0 1077962565 1563253424
4 1 1605884345 1797122374 1627472703
9 5 1114613179 1130267825 1177967260 1623301460 1853162092 0 403572941 1974122360
4 1 1254015482 1530382954 466639780
13 5 1344788114 1359283434 1450548926 1789294830 1829135389 1873872243 1916925846 1929332965 1940339554 0 163447413 1736323494
4 1 1920009882 1201962924 13140035
11 5 1017221462 1035902292 1130267825 1217540721 1799569409 1894472193 1905893649 0 543522990 775326876
4 1 1545601457 1503775746 482418741
11 5 1115765476 1230084965 1476439542 1480421412 1538066817 1585979018 1916925846 0 445577457 1991941998
3 4 1711535611 1123135123
2 3 1789294830
3 2 1033661682 1331442688
4 1 1513159740 1847913036 1648557445
4 1 1590898241 1866661134 666468677
2 3 1286918995
3 2 1359283434 1593592545
4 1 1115258828 1712961443 923095537
3 4 1731741177 1953312262
2 3 1018341310
14 5 1096949105 1123943466 1225438192 1250649958 1310569162 1502331105 1623136564 1817327346 1923946289 1935729124 0 84248759 182835602
4 1 1601739889 1097081947 1461010966
6 5 1676265568 1873872243 0 194796089 885821208
8 5 1051530757 1178114008 1252739502 1940339554 0 21383794 816726683
2 3 1894472193
2 3 1817327346
4 1 1626042059 1692519504 1581518570
3 4 1051530757 1959799024
9 5 1170752456 1485376542 1903664384 1940339554 1970786750 0 1477275961 1770844279
3 2 1635022274 1923943425
3 4 1855795720 1053808657
4 1 1390948387 1022791022 1962254019
2 3 1515160007
6 5 1504077235 1940339554 0 6036725 1052438539
3 2 1970786750 1772593775
3 4 1309615661 1284677616
4 1 1012462503 1525227957 1771467307
3 4 1613162045 1854932672
2 3 1013007793
3 2 1344788114 1636153074
4 1 1313616842 1003189218 501325141
4 1 1153258771 1533000701 774466561
4 1 1158110829 1099487389 19574590
4 1 1480553055 1315048886 1212615540
4 1 1840276843 1836599198 1109898855
2 3 1711535611
4 1 1067491203 1530314538 692265024
4 1 1870553792 1147328789 265364872
3 2 1840276843 1836599198
3 4 1626042059 1160700959
4 1 1781004642 1963138345 352252456
2 3 1601129815
4 1 1864869434 1807683219 1715179949
4 1 1720404730 1118517942 151784856
4 1 1810782965 1928480300 1973789414
4 1 1046361524 1942053701 976606443
3 2 1441761178 1266749611
3 4 1718107120 1020801896
4 1 1117999404 1080249400 1271375505
3 4 1781004642 1963138345
4 1 1048904424 1260343070 372323446
3 2 1177967260 1133102535
4 1 1920499511 1563393288 367113588
3 4 1870553792 1147328789
4 1 1583891878 1050056032 143745517
4 1 1020571788 1076511269 1950889003
4 1 1650640097 1939650292 17371605
4 1 1012705235 1066276028 1052808297
3 2 1939881883 1363816576
3 2 1286918995 1604733812
2 3 1029977178
4 1 1948685081 1926084749 747386278
3 2 1344788114 1724345605
3 2 1851934135 1116864405
4 1 1146995913 1035177008 1349381501
4 1 1420205689 1567797573 28771246
2 3 1480553055
3 4 1480421412 1654245208
3 2 1178114008 1905084691
3 4 1311039480 1673699503
4 1 1169885502 1678134976 14708577
3 4 1250649958 1800998431
3 2 1443847242 1345079399
3 2 1936743341 1136574100
2 3 1608125617
4 1 1139272626 1774548158 485309665
3 4 1920009882 1201962924
3 2 1939881883 1189586792
2 3 1012462503
2 3 1581411543
3 2 1924475562 1903302473
3 2 1711535611 1123135123
3 4 1840276843 1747743255
4 1 1919347142 1644616924 512519255
4 1 1193961561 1621857037 1968006390
3 2 1962266870 1023649953
6 5 1096949105 1476439542 0 261803316 312072238
10 5 1080878036 1144057118 1144649781 1789294830 1818642632 1939881883 0 744677195 1213148792
9 5 1146995913 1285916370 1705720624 1710591882 1920009882 0 164822197 1548525733
4 1 1137324796 1606381317 26958807
4 1 1723827609 1132730662 1149207781
4 1 1157849659 1099896000 1611133129
2 3 1794235893
11 5 1012705235 1180446960 1258095656 1476439542 1720404730 1769864292 1920009882 0 959058091 1170463646
3 4 1153258771 1533000701
4 1 1466877382 1176225854 1752238303
3 2 1829135389 1753152858
2 3 1504077235
3 4 1193961561 1621857037
2 3 1476439542
5 5 1935729124 0 70078355 294518456
4 1 1529667153 1600593416 100986905
5 5 1012705235 0 94608430 158088612
3 2 1311039480 1673699503
4 1 1434885733 1792385263 1373724065
3 4 1010204899 1203512517
3 2 1180446960 1072620558
4 1 1655915649 1268889028 1861018118
9 5 1032158615 1267808834 1529667153 1551499520 1853519874 0 785948689 1552229347
2 3 1344788114
4 1 1938962423 1498044712 1307497850
4 1 1899494738 1285478720 1609332584
9 5 1012738690 1073628373 1087384894 1146995913 1158388570 0 1117764586 1639912147
3 4 1051530757 1959799024
3 4 1267808834 1244147883
5 5 1529667153 0 142906178 661010635
3 2 1883938366 1524462250
4 1 1801826052 1239283033 938275984
4 1 1123620882 1236220144 23950303
4 1 1361487837 1703903491 1809699143
3 2 1401936616 1005534232
4 1 1812891447 1816013603 470868361
4 1 1786507175 1466290889 87934330
3 2 1925830858 1025820068
4 1 1970963927 1152940807 736229718
7 5 1079647953 1146995913 1590898241 0 145460055 1859850601
13 5 1087384894 1219961804 1303056084 1619612974 1711535611 1737737442 1789294830 1800309448 1864869434 0 1503187414 1692079013
3 4 1013007793 1669941072
4 1 1423295495 1589591833 1321396
6 5 1466877382 1590898241 0 1357025161 1654435640
4 1 1014677100 1084068756 1657108871
4 1 1528857127 1313046541 866698821
4 1 1465930896 1647572505 1273604189
4 1 1042718805 1894986376 104009642
4 1 1065373472 1294696499 335912111
3 4 1801826052 1239283033
4 1 1105461234 1611004085 1924911744
2 3 1705720624
3 4 1920499511 1563393288
3 2 1840276843 1039686389
4 1 1237653502 1247247710 159027543
4 1 1203773703 1742352702 50529703
4 1 1078264813 1539198670 1235274887
4 1 1990224265 1043404063 667306042
2 3 1437436405
2 3 1051530757
4 1 1233654202 1456526816 1363477102
4 1 1882798661 1979696981 1984476226
4 1 1096005718 1074646079 1022249113
2 3 1728988657
3 4 1928167128 1649530682
4 1 1048698151 1492271299 1855688321
4 1 1440473151 1362612820 13254682
4 1 1190867793 1209072547 1680685942
3 2 1048698151 1492271299
10 5 1143108318 1415550205 1581411543 1920499511 1924475562 1997996993 0 28432131 677414799
2 3 1048469603
4 1 1046023582 1585792325 632715675
3 4 1625728197 1015674014
3 2 1936743341 1194193467
3 2 1970786750 1958272298
2 3 1254015482
3 4 1814911937 1047825226
11 5 1122804610 1310569162 1401936616 1551499520 1585979018 1688179087 1924475562 0 1096504290 1126414502
3 4 1590564699 1951413848
4 1 1820317361 1891422908 106408315
2 3 1267808834
3 4 1161097044 1503951619
9 5 1014677100 1141094056 1384010535 1650640097 1814911937 0 894820143 1690493335
4 1 1146174908 1447362819 622648427
4 1 1006925753 1442965788 1989011666
3 4 1590898241 1866661134
4 1 1497716626 1773086340 1143105068
2 3 1117999404
4 1 1027568945 1808845900 1234358168
4 1 1660588458 1006873736 1957466306
3 2 1134193912 1537488594
3 4 1883159529 1273959987
14 5 1197397175 1528857127 1623136564 1688179087 1759435473 1769864292 1855795720 1882798661 1928167128 1970786750 0 29900189 32925914
3 2 1608125617 1442938236
4 1 1434236006 1359504356 1835238032
3 4 1219097527 1095397258
2 3 1197397175
5 5 1434885733 0 1786438378 1896357029
4 1 1902199039 1257419622 2756315
4 1 1116963065 1778809339 1908264331
3 4 1504077235 1318006608
4 1 1748698503 1672098856 1047635786
4 1 1914019753 1620832434 142022024
4 1 1691460644 1971969102 1319437924
7 5 1503514992 1620562191 1899494738 0 958392653 1781480136
4 1 1599731734 1599111259 726455212
2 3 1970786750
3 4 1203773703 1742352702
2 3 1343976907
3 2 1014677100 1084068756
4 1 1507918328 1981524955 1670820005
4 1 1197183876 1488986085 124805590
6 5 1073628373 1399964211 0 963136167 1407787677
4 1 1027676948 1013527064 1933392761
3 4 1769864292 1939763503
4 1 1772494054 1244436611 89772968
3 2 1938962423 1498044712
4 1 1239997206 1446277745 843951630
4 1 1116540164 1006376462 180455314
5 5 1605884345 0 363603433 1742702739
7 5 1086138418 1515160007 1939881883 0 1522749418 1766122597
4 1 1760606564 1944026245 1860056926
4 1 1045636466 1215022469 1727854890
14 5 1035902292 1197397175 1313616842 1399964211 1443847242 1504077235 1538066817 1605884345 1632562026 1938962423 0 460970729 945174037
6 5 1285916370 1817327346 0 327404477 1365708863
4 1 1852949753 1052451799 262605049
3 4 1939036424 1014410058
4 1 1862148990 1241932860 1745630140
4 1 1305786893 1894539883 233672934
3 2 1020938824 1656410203
3 4 1530798887 1236828496
4 1 1162989264 1144604214 1625320115
3 4 1935729124 1610162137
4 1 1571853792 1380593315 1217272762
4 1 1095258657 1459205621 1657999168
11 5 1018341310 1048904424 1294652556 1400172429 1734932228 1899494738 1925232867 0 405055403 876551448
3 4 1528857127 1313046541
4 1 1459011162 1976267887 1096718629
5 5 1107624185 0 1374582084 1714227495
4 1 1706029152 1721008078 1182111374
4 1 1973696859 1010817900 1970868221
4 1 1855030043 1792564393 1024588976
4 1 1464330885 1319241531 34274281
4 1 1886965425 1433432766 845756029
4 1 1744960280 1822023915 473713412
4 1 1293686668 1040457258 941585398
4 1 1215646968 1049209582 577563648
4 1 1622734013 1759675020 67968735
3 2 1723827609 1132730662
4 1 1733760883 1242557957 764937
4 1 1129348589 1965511735 645000545
2 3 1890759244
2 3 1399964211
4 1 1632011051 1536165997 668846699
3 4 1862148990 1241932860
3 2 1096949105 1789737518
6 5 1020938824 1225438192 0 122264583 351425780
3 4 1219961804 1437745014
4 1 1510217653 1069726824 1252728461
3 2 1048469603 1015718985
4 1 1146421706 1036407457 1420192406
4 1 1082230455 1588892047 823950371
3 2 1080878036 1075910104
2 3 1082230455
2 3 1919408269
13 5 1095258657 1215646968 1293686668 1337240621 1459011162 1781004642 1843648684 1890759244 1925232867 0 43753401 1681393458
3 2 1855030043 1792564393
4 1 1066005352 1249716341 187266773
4 1 1783626150 1083536524 1971370162
3 2 1890759244 1492920245
4 1 1203479556 1916928884 426276081
6 5 1315183803 1608125617 0 205533656 1301439402
2 3 1285916370
4 1 1444366542 1550562807 1631848077
3 4 1344788114 1773950824
4 1 1902651372 1597837337 676200786
12 5 1466877382 1551499520 1685606942 1711535611 1781004642 1919347142 1920499511 1925830858 0 21637383 1959007627
4 1 1347608072 1433090524 601080131
3 4 1774406997 1657395037
3 2 1065373472 1294696499
4 1 1526422566 1811433495 1159102419
4 1 1203189306 1129399192 340818349
4 1 1466420612 1026425290 390423328
4 1 1652261026 1788145150 471493626
4 1 1736429780 1819101697 1008070182
4 1 1690857322 1067627882 1227528043
2 3 1690857322
13 5 1046361524 1197397175 1384010535 1455392340 1711535611 1829074990 1853519874 1894472193 1920009882 0 381603259 506039920
2 3 1970963927
4 1 1542218715 1260663053 1269983888
4 1 1041104243 1651587146 128148765
4 1 1412129322 1150654882 1402283993
3 2 1814911937 1663732351
2 3 1608125617
3 4 1632011051 1536165997
3 2 1816927503 1534253378
2 3 1307097109
4 1 1538039195 1167425780 85144960
4 1 1819012926 1065810075 1795028171
4 1 1216464958 1049828515 951180265
3 4 1970786750 1555300883
4 1 1658830001 1051894196 1569048435
5 5 1307097109 0 8917206 26814366
3 4 1310569162 1513086186
2 3 1390948387
4 1 1145211989 1790772940 1700453212
3 2 1590564699 1842585026
3 4 1145557125 1917550669
11 5 1042718805 1073628373 1141015519 1170752456 1239997206 1515160007 1868712351 0 969444867 1710338651
4 1 1094599420 1841468730 831217403
3 4 1647159119 1973153037
3 4 1464330885 1319241531
4 1 1545992690 1136683946 1847817441
7 5 1038017818 1601129815 1635022274 0 173690037 301041498
14 5 1048698151 1078493498 1169885502 1423295495 1458170125 1522371765 1635022274 1688179087 1689706390 1733760883 0 200270904 1833157456
3 4 1626042059 1692519504
4 1 1220849737 1888522522 132492756
3 4 1583891878 1301140073
10 5 1237653502 1258115483 1286918995 1303056084 1459011162 1924475562 0 38713887 1505076608
2 3 1011559261
4 1 1376387615 1387882557 1680608740
14 5 1048698151 1115765476 1123620882 1131520209 1437436405 1483933608 1590898241 1728988657 1774406997 1948685081 0 564859427 1665617847
3 2 1655915649 1268889028
4 1 1333255088 1225112053 787083827
2 3 1663089409
2 3 1938962423
4 1 1623483015 1089917226 915901826
4 1 1030747798 1280678616 191877933
3 4 1663089409 1879921612
4 1 1382863455 1368711053 67857671
3 2 1626042059 1692519504
2 3 1571853792
4 1 1014558960 1013920091 1526877507
4 1 1269014653 1897885443 1999911764
4 1 1840319022 1768329940 352533598
3 2 1663089409 1994064818
4 1 1443341376 1873986430 1499767084
3 2 1862148990 1241932860
14 5 1025175183 1076073811 1093184439 1146421706 1344788114 1376543969 1423295495 1571853792 1774406997 1799569409 0 444868383 1323022240
4 1 1693601474 1107096060 24948475
3 4 1851934135 1129609538
4 1 1094371668 1007301073 490840515
10 5 1027568945 1078493498 1080878036 1381763814 1800309448 1807730129 0 61741990 1345368832
4 1 1115520443 1773252437 1143886511
4 1 1579839736 1795248281 315318478
3 2 1623301460 1143491675
8 5 1440473151 1608125617 1622734013 1706029152 0 1045454605 1690426976
4 1 1827505064 1543433922 226455832
4 1 1623084885 1410729929 1523891483
2 3 1905893649
3 4 1017221462 1541771096
4 1 1107409385 1968910531 1794487500
3 2 1925830858 1636523969
4 1 1440818172 1894116198 1507196545
2 3 1450548926
4 1 1112733688 1345422850 542301711
4 1 1968507735 1953031639 1897512562
4 1 1212680783 1266905665 1046054821
3 4 1691460644 1971969102
4 1 1429230638 1545539177 485185797
3 4 1095258657 1459205621
2 3 1783626150
4 1 1495171440 1744298214 1266304629
4 1 1286599924 1639925707 514134730
4 1 1389954621 1731496138 1304828700
3 2 1619612974 1673973142
8 5 1048698151 1507918328 1853519874 1961847562 0 463420765 1461957653
2 3 1359283434
4 1 1552181432 1063566916 28041768
4 1 1703492624 1542176496 783445625
4 1 1126188986 1088274323 1455340236
4 1 1513197583 1768850473 1823037467
11 5 1014677100 1067491203 1326075038 1510217653 1601129815 1605884345 1781004642 0 138974584 1860398603
4 1 1218426999 1302410645 1800818371
4 1 1428599632 1741609045 472247184
4 1 1107322980 1241097656 860409749
4 1 1074510045 1999384331 1218678885
4 1 1086965475 1187152339 1252086679
9 5 1046361524 1076073811 1486858053 1855191823 1905893649 0 70613418 604000821
3 2 1529667153 1255240612
4 1 1666465089 1115650360 753534542
8 5 1065373472 1461568733 1464330885 1801826052 0 406482309 1972213426
4 1 1035140510 1449304190 1234083923
4 1 1489775349 1170297223 1016299968
7 5 1190867793 1219961804 1840276843 0 324028863 1086684651
5 5 1827505064 0 150063793 1362707437
3 2 1376387615 1060082806
3 2 1437436405 1091067759
4 1 1046719379 1673293200 1685794276
3 4 1197183876 1488986085
4 1 1196661963 1605219118 1573246646
4 1 1930553133 1381988125 341946013
6 5 1706029152 1899494738 0 95079188 231654606
3 2 1124423127 1172304008
2 3 1074581626
13 5 1123943466 1440473151 1444479379 1515160007 1744960280 1851934135 1920499511 1920973383 1939036424 0 137600973 226911712
11 5 1013007793 1076073811 1107322980 1122921742 1157849659 1203189306 1920499511 0 561526610 751084039
3 4 1082230455 1588892047
3 2 1870553792 1147328789
9 5 1020938824 1180446960 1434885733 1538039195 1919347142 0 134717013 1431217039
3 4 1313616842 1003189218
4 1 1224418665 1714563693 600242229
3 4 1542218715 1850727169
3 4 1760606564 1944026245
4 1 1542252282 1604155446 1205068771
4 1 1936844935 1018832483 1045526569
4 1 1686124108 1070799793 1874588213
4 1 1098776346 1446109827 543980737
4 1 1343675679 1768399401 1399318574
3 2 1096949105 1005456779
3 4 1041104243 1651587146
3 2 1399964211 1930201041
4 1 1514858873 1782551681 1432550510
3 4 1761417744 1558349998
4 1 1434994285 1044073170 712232674
3 4 1033661682 1371584091
3 4 1333255088 1225112053
9 5 1094599420 1162989264 1189031481 1216464958 1542218715 0 1747916650 1763353465
4 1 1938151213 1249468962 794793698
7 5 1020571788 1145211989 1902651372 0 345411016 1507026371
4 1 1073698903 1246734374 1276361986
3 4 1129348589 1965511735
9 5 1299624957 1480421412 1552181432 1583891878 1855030043 0 537375713 1026533562
10 5 1123943466 1241729263 1286918995 1444366542 1701801840 1723827609 0 7970034 759088588
3 4 1870553792 1531945104
3 4 1502331105 1109360050
2 3 1529667153
4 1 1855952257 1472761328 1498303320
3 2 1919347142 1644616924
13 5 1020571788 1040553379 1067491203 1078109247 1169885502 1515160007 1748698503 1815167063 1818642632 0 503703712 1452379718
3 2 1389954621 1731496138
3 2 1827505064 1543433922
2 3 1459011162
3 2 1035902292 1304565673
2 3 1507918328
4 1 1453229758 1223312071 1546323552
12 5 1071866968 1086965475 1115258828 1215646968 1233654202 1424254256 1513197583 1759435473 0 1126333860 1914320823
13 5 1011559261 1073628373 1145557125 1161097044 1215646968 1282457571 1747079953 1783626150 1785539307 0 617083562 1330649499
5 5 1258095656 0 18474286 27175004
3 2 1139272626 1774548158
14 5 1051530757 1122804610 1218426999 1293686668 1462418473 1608125617 1623301460 1635022274 1899305164 1938151213 0 1415504101 1932070277
4 1 1777187420 1805969326 137285103
4 1 1414476783 1913056901 676832716
4 1 1288425005 1247290548 1042978470
6 5 1340629976 1870553792 0 524949186 1571699299
4 1 1699512389 1245805343 217437962
3 4 1267808834 1244147883
2 3 1078493498
3 4 1347608072 1433090524
3 2 1514858873 1782551681
6 5 1064778020 1623483015 0 1454147610 1973910315
4 1 1740845379 1310583363 485445226
10 5 1340324701 1601129815 1626042059 1703492624 1706029152 1744960280 0 949410337 1635951997
3 4 1048698151 1077508691
4 1 1081402525 1512450589 812122052
4 1 1553783579 1876900072 628031959
12 5 1006925753 1122921742 1286599924 1538066817 1663089409 1886965425 1920009882 1948101588 0 1113477184 1459633240
4 1 1837068211 1707612514 241964699
3 4 1899494738 1285478720
8 5 1010668882 1111418757 1285916370 1538066817 0 196014886 289150778
4 1 1629354597 1847799691 34750161
5 5 1137780722 0 1529772510 1646826033
6 5 1116540164 1164633316 0 390962100 1609635942
4 1 1000454059 1331422149 1822407560
4 1 1442840906 1690655484 1740259222
4 1 1028690764 1750928104 233954767
4 1 1107625452 1863309363 81534087
2 3 1098776346
4 1 1008248579 1043835563 683161296
4 1 1494715734 1074123394 560302249
4 1 1073420576 1271605530 1682992562
4 1 1272059590 1014414710 1355638415
13 5 1006925753 1011559261 1123620882 1197397175 1344788114 1434885733 1466420612 1542218715 1905893649 0 46293899 1258105084
3 4 1078264813 1539198670
11 5 1038017818 1107322980 1440818172 1492717073 1494715734 1629354597 1938962423 0 271298861 440457598
4 1 1830836925 1492251015 1132570264
4 1 1222462375 1453843851 1155499980
4 1 1322702736 1707088307 1222578771
4 1 1939391138 1056757498 1998369395
3 4 1476439542 1571632935
4 1 1356067324 1838401798 343107326
4 1 1118922423 1488994232 1503614955
4 1 1303980798 1068837269 1505774010
3 4 1222462375 1453843851
2 3 1810782965
4 1 1232287292 1371621765 1846994100
2 3 1123943466
4 1 1689677704 1129836420 1828192806
3 4 1899494738 1285478720
4 1 1393207376 1404240516 690311331
3 4 1345602203 1739198773
4 1 1054221256 1375265785 1484166792
3 2 1886965425 1433432766
4 1 1688418669 1029342514 853997005
14 5 1075395434 1122804610 1158110829 1230084965 1538039195 1701801840 1733760883 1843648684 1853519874 1955439567 0 478204049 836349777
9 5 1196661963 1218426999 1504077235 1623301460 1658830001 0 631858249 1355606444
4 1 1097922945 1398376880 1557242949
6 5 1020938824 1572491101 0 1489053409 1741980066
3 2 1032844731 1130642668
4 1 1601008166 1338765463 1871271403
4 1 1344383149 1074666221 986711525
3 2 1718107120 1020801896
3 4 1585979018 1409047919
3 2 1094371668 1007301073
4 1 1719229622 1996744322 20862207
3 2 1920499511 1563393288
4 1 1209641703 1449359003 1235432765
4 1 1376541576 1074660641 87262440
12 5 1046023582 1333255088 1343675679 1658830001 1740729428 1939391138 1940339554 1962266870 0 101636767 423357527
2 3 1220849737
4 1 1613155238 1660345867 174379797
4 1 1735006508 1261642235 481974524
6 5 1920009882 1938151213 0 905332051 1030658022
4 1 1605140832 1927037046 1259701338
3 2 1020571788 1076511269
3 2 1489775349 1851969754
3 4 1216464958 1049828515
4 1 1109489623 1803650224 641829036
4 1 1019445577 1547161085 1779871815
5 5 1855952257 0 771856255 1348638519
3 4 1761417744 1558349998
3 2 1116963065 1778809339
3 4 1864869434 1807683219
3 2 1048698151 1622886778
4 1 1686241209 1224616923 302464874
2 3 1855191823
3 4 1096949105 1895083840
7 5 1286918995 1344788114 1567706178 0 354064245 378698415
4 1 1149443835 1277268931 819303308
8 5 1018341310 1068517201 1437436405 1711535611 0 8624935 332700463
3 4 1299624957 1130787831
4 1 1377517193 1628384185 1338523293
3 2 1215646968 1049209582
4 1 1286095122 1934921085 1879099944
3 2 1399964211 1290615244
4 1 1099681656 1098718837 1174511520
3 4 1581411543 1597836232
3 4 1048698151 1122013714
3 2 1480553055 1267398697
8 5 1027568945 1286918995 1545601457 1973696859 0 158877097 1455330139
4 1 1640807470 1337965302 941190475
4 1 1035159639 1072629828 141488668
4 1 1093794788 1389518522 470614363
3 2 1820317361 1891422908
3 2 1623084885 1410729929
4 1 1984470893 1031220975 1320024586
4 1 1523545379 1871880978 36174309
2 3 1099794327
3 2 1818642632 1489061131
2 3 1890759244
10 5 1046719379 1078264813 1097922945 1693511656 1711535611 1919347142 0 526149699 944905602
4 1 1028085138 1280310460 121644492
4 1 1380104787 1482220286 1459949445
3 2 1629354597 1847799691
3 4 1719229622 1996744322
3 2 1625728197 1864589761
4 1 1741051521 1828304842 1837708945
4 1 1823240898 1520603489 1446639055
4 1 1927895365 1327240544 1622032795
12 5 1124423127 1137324796 1225438192 1309615661 1361487837 1608125617 1733760883 1970786750 0 236792847 854653934
3 4 1902199039 1257419622
2 3 1837068211
4 1 1347664994 1245809757 136607905
3 4 1028085138 1280310460
4 1 1245970426 1020785198 1530329989
4 1 1511062024 1419828866 257113131
4 1 1480715291 1173068987 140129500
3 2 1940339554 1395082868
4 1 1294543485 1509089352 1295847461
4 1 1743641048 1643512454 1164130206
4 1 1433550318 1117110248 1958682409
4 1 1144835681 1041850970 1519364570
4 1 1572180958 1256122896 1529199257
12 5 1020520313 1028085138 1046361524 1123943466 1524491506 1902199039 1905893649 1920499511 0 177757820 1848872163
4 1 1579981126 1792927277 701212708
4 1 1663580861 1125910017 1207984944
3 2 1818642632 1894168632
3 2 1433550318 1117110248
4 1 1886130517 1077911154 1917551730
3 4 1020571788 1848996001
4 1 1167596252 1379977348 1708195725
9 5 1232287292 1399964211 1443341376 1655915649 1890759244 0 54164362 220073814
3 4 1124423127 1455519111
3 4 1340324701 1898495103
4 1 1528827192 1495646529 1175845941
4 1 1355679276 1343442193 1757800542
2 3 1581411543
3 4 1057751686 1877816198
4 1 1957464577 1091827550 1883898101
4 1 1732092577 1865489339 1845956760
4 1 1435283577 1153992223 158016594
9 5 1086965475 1115258828 1285916370 1686241209 1939881883 0 1056511698 1427788203
4 1 1341524258 1667926082 575994763
2 3 1453229758
2 3 1530798887
4 1 1623854422 1059546112 1085725933
2 3 1579981126
6 5 1130267825 1545601457 0 152770575 738460755
3 2 1939391138 1056757498
4 1 1512787290 1510495366 992635170
3 2 1474757744 1598552886
4 1 1688347097 1199362526 1396805307
3 4 1772494054 1244436611
5 5 1343976907 0 534117911 1357592965
13 5 1105599037 1185266075 1267808834 1322702736 1476439542 1545601457 1663580861 1735006508 1819012926 0 409362071 1251440855
6 5 1224418665 1873872243 0 1073680476 1725907242
4 1 1773503615 1717686457 444694330
2 3 1518710575
5 5 1925830858 0 42862582 1796013622
3 2 1105599037 1365222950
3 2 1130267825 1168921329
4 1 1273748978 1851413129 758445846
2 3 1798834688
12 5 1011559261 1096949105 1123943466 1313616842 1344788114 1380104787 1542252282 1894472193 0 1425377493 1516521146
4 1 1812869209 1702947525 626169448
3 4 1868712351 1082497147
2 3 1855795720
12 5 1066005352 1109489623 1124971247 1307097109 1343976907 1356067324 1507918328 1542252282 0 1452883700 1876342271
3 4 1107322980 1241097656
4 1 1028518274 1062419999 462128508
2 3 1973696859
3 2 1057751686 1957308369
4 1 1732471087 1197238665 517758989
4 1 1390488548 1548444564 1866832675
3 4 1019445577 1547161085
3 2 1076073811 1632673040
4 1 1331743084 1912666629 709841460
4 1 1227311488 1765865941 1285287248
2 3 1046361524
10 5 1048904424 1107322980 1224418665 1299624957 1737737442 1827505064 0 1435671450 1872253617
3 2 1389954621 1424840898
4 1 1616058275 1190023879 707834606
4 1 1417335368 1326216898 1148024959
9 5 1078493498 1404118619 1466877382 1599731734 1948685081 0 53294992 696591273
11 5 1158110829 1203479556 1294543485 1343976907 1412129322 1699512389 1731741177 0 306419971 1873676979
3 2 1812891447 1816013603
11 5 1078264813 1126188986 1216464958 1512787290 1623301460 1801961766 1890759244 0 1680103519 1724029373
4 1 1301344770 1808439463 561796831
3 4 1970963927 1152940807
4 1 1812151270 1151231988 1683460559
2 3 1453229758
5 5 1992875793 0 876882052 1747036657
1 6
