18
643 953 522 277 464 366 321 409 227 702
877 654 2 715 229 255 712 267 19 832
833 973 135 54 665 768 571 305 747 782
737 614 776 36 82 827 151 734 286 102
630 858 561 339 290 517 733 441 501 768
188 750 293 162 342 614 323 609 712 881
536 414 842 944 934 478 974 539 188 260
875 787 919 770 100 469 394 879 579 159
917 178 525 924 165 26 820 915 409 657
846 396 735 741 712 451 402 824 1 335
71 858 956 68 740 794 855 56 554 572
688 780 465 286 133 46 525 359 328 68
171 92 441 813 837 266 892 413 535 265
142 5 584 5 916 277 417 304 327 39
541 134 0 877 386 705 529 864 377 240
361 579 454 581 702 61 294 641 737 304
521 309 908 850 32 471 132 819 636 67
342 717 76 884 637 276 571 779 801 493
